0.2118 0.0620 -0.2416 -0.2377 0.0112 0.0044
0.2121 0.0641 -0.0865 0.1683 0.0121 0.0047
0.2120 0.0649 -0.2296 -0.0253 0.0131 0.0048
0.1963 0.0626 -0.1006 0.1681 0.0132 0.0045
0.2594 0.0626 -0.1968 -0.2041 0.0109 0.0051
0.1945 0.0673 -0.2188 -0.2631 0.0103 0.0047
0.2237 0.0662 -0.0670 -0.1571 0.0107 0.0050
1.6560 0.1546 -0.0415 21.7398 0.0036 0.2405
1.3359 0.1539 -0.1429 16.4028 0.0033 0.0234
1.4843 0.1671 0.0045 18.6308 0.0037 0.0243
1.5794 0.1529 0.1087 21.7348 0.0041 0.0219
1.3685 0.1461 0.0416 17.7188 0.0044 0.0288
1.7373 0.1679 0.0135 25.4558 0.0044 0.0243
1.7694 0.1729 0.0858 25.7828 0.0047 0.0279
1.3250 0.1538 0.0927 14.8658 0.0053 0.0334
0.5579 0.1058 -0.0008 2.1076 0.0045 0.0207
0.9492 0.1342 0.0298 7.8677 0.0053 0.0283
0.8140 0.1417 -0.0791 4.0315 0.0044 0.0219
1.2550 0.1665 -0.0627 9.9564 0.0044 0.0304
0.9592 0.1419 0.0620 6.7185 0.0050 0.0204
0.8368 0.1372 0.0848 2.8633 0.0044 0.0194
0.8150 0.1422 0.0224 4.0833 0.0035 0.0208
0.2882 0.0922 0.0539 -0.3016 0.0035 0.0092
0.3486 0.0894 0.0794 0.1835 0.0035 0.0091
0.2703 0.0866 0.0837 -0.0117 0.0036 0.0086
0.3652 0.0931 0.0744 -0.1139 0.0035 0.0081
0.3963 0.0941 0.0793 0.0434 0.0034 0.0093
0.3400 0.0921 0.0833 0.1576 0.0033 0.0094
0.3271 0.0956 0.0745 0.1227 0.0034 0.0098
0.3599 0.0965 -0.0038 -0.0192 0.0035 0.0097
0 0 0 0
0 0 0 0
0 0 0 0
0 0 0 0
0 0 0 0
0 0 0 0
0 0 0 0
0 1 0 0
0 1 0 0
0 1 0 0
0 1 0 0
0 1 0 0
0 1 0 0
0 1 0 0
0 1 0 0
0 0 1 0
0 0 1 0
0 0 1 0
0 0 1 0
0 0 1 0
0 0 1 0
0 0 1 0
0 0 0 1
0 0 0 1
0 0 0 1
0 0 0 1
0 0 0 1
0 0 0 1
0 0 0 1
0 0 0 1